20 3
26 4
1
0.072000

20 20 20
1 6.000000 0.000000 -2.800000 
2 7.458330 1.353570 -2.800000 
3 7.458330 0.000000 -2.800000 
4 6.000000 1.353570 -2.800000 
5 8.916670 0.000000 -2.800000 
6 10.375000 1.353570 -2.800000 
7 10.375000 0.000000 -2.800000 
8 8.916670 1.353570 -2.800000 
9 6.000000 2.707140 -2.800000 
10 7.458330 4.060710 -2.800000 
11 7.458330 2.707140 -2.800000 
12 6.000000 4.060710 -2.800000 
13 8.916670 2.707140 -2.800000 
14 10.375000 4.060710 -2.800000 
15 10.375000 2.707140 -2.800000 
16 8.916670 4.060710 -2.800000 
17 6.000000 0.000000 -5.600000 
18 8.916670 0.000000 -5.600000 
19 6.000000 2.707140 -5.600000 
20 8.916670 2.707140 -5.600000 

26
1 2 16 0 1 
2 0 3 1 16 
3 15 9 19 12 
4 18 1 3 16 
5 1 19 7 17 
6 7 5 6 17 
7 6 4 7 17 
8 2 17 1 4 
9 16 1 19 18 
10 16 17 1 2 
11 5 14 19 7 
12 1 8 10 18 
13 14 19 7 12 
14 18 9 8 10 
15 8 3 18 1 
16 10 7 1 19 
17 19 10 12 9 
18 19 15 12 13 
19 7 12 19 10 
20 4 7 17 1 
21 7 19 5 17 
22 19 12 14 13 
23 11 9 8 18 
24 16 1 17 19 
25 19 18 10 9 
26 1 10 19 18 

83 26604865
0 0
0 1
0 2
0 3
0 16
1 1
1 2
1 3
1 4
1 7
1 8
1 10
1 16
1 17
1 18
1 19
2 2
2 4
2 16
2 17
3 3
3 8
3 16
3 18
4 4
4 6
4 7
4 17
5 5
5 6
5 7
5 14
5 17
5 19
6 6
6 7
6 17
7 7
7 10
7 12
7 14
7 17
7 19
8 8
8 9
8 10
8 11
8 18
9 9
9 10
9 11
9 12
9 15
9 18
9 19
10 10
10 12
10 18
10 19
11 11
11 18
12 12
12 13
12 14
12 15
12 19
13 13
13 14
13 15
13 19
14 14
14 19
15 15
15 19
16 16
16 17
16 18
16 19
17 17
17 19
18 18
18 19
19 19

0 0

2 1
5
1
5
4
5
1
5
1
4
1
1
4
1
1
1
1
5
5
4
1

0
0
0
