100
304
0.279220
0.058487
-0.068080
-0.048189
0.042793
0.353100
0.000255
0.049244
0.469310
-0.015946
-0.166930
0.014955
0.017684
0.020050
0.846840
0.037276
0.767900
0.467620
0.363330
0.020371
0.129660
0.021121
-0.012521
0.913120
0.334430
0.049744
0.020371
0.407110
0.014988
-0.065041
-0.001448
0.843950
0.182230
0.179890
0.021692
-0.008444
-0.199440
-0.087432
0.015541
0.389120
-0.190800
-0.050493
-0.028250
-0.031875
-0.003036
0.524040
0.057453
0.000957
-0.008352
-0.000306
0.058487
0.253850
0.117490
0.073975
0.521040
-0.190800
0.206620
-0.083455
0.016606
0.018736
-0.004827
0.468060
0.002498
0.141580
-0.050493
-0.083455
0.499890
0.004394
0.004958
-0.001277
0.057453
0.851240
0.009754
0.002759
-0.085157
-0.003115
0.192740
0.412210
0.329500
-0.054124
-0.001285
-0.013304
-0.196470
0.002498
0.040199
-0.005096
0.664450
-0.017061
0.604200
0.034411
0.940770
0.007942
-0.089197
0.016630
0.627680
0.310660
0.123670
0.037065
0.000957
0.009754
0.781840
-0.002143
0.057634
0.002109
0.036023
0.017684
0.126590
0.043838
0.037276
0.813630
0.062834
0.267920
0.002759
-0.002143
0.550880
0.018713
0.000685
0.214990
-0.072186
-0.015946
0.375280
-0.013098
0.023628
-0.017061
0.213680
0.965560
0.037065
0.254880
0.021692
-0.054124
0.115990
-0.013456
-0.030181
-0.139330
0.040894
0.018269
-0.068080
0.337220
0.088110
-0.086109
-0.028250
0.016606
0.004394
0.608220
0.123110
0.281780
0.011648
-0.072631
0.028810
0.051482
0.310660
0.493390
-0.031875
0.018736
0.004958
0.123110
0.159430
0.129660
0.014988
-0.008444
-0.001285
-0.013456
0.286760
0.015540
0.011748
0.034911
0.000971
-0.007111
0.141580
-0.005096
0.248650
0.011648
0.413990
-0.076021
0.011965
0.021381
-0.072186
0.739400
0.952580
0.020609
-0.072631
-0.076021
0.875820
-0.074609
-0.133320
0.700400
-0.008352
-0.085157
0.057634
0.018713
0.284280
0.008648
-0.048189
0.117490
0.088110
0.298910
-0.060950
0.092961
0.601770
0.020050
0.043838
0.137630
0.894390
-0.003036
-0.004827
-0.001277
0.060511
0.021121
-0.065041
0.015540
0.211550
-0.001501
0.235330
0.064582
0.000255
0.153760
-0.001027
-0.166930
-0.013098
0.535420
0.180280
-0.199440
-0.030181
0.011748
0.314030
0.121650
-0.021623
0.165310
0.079056
0.818120
0.028810
0.011965
-0.074609
0.228760
0.083423
0.847790
0.235380
0.051482
0.021381
-0.133320
0.083423
0.331150
0.007942
0.831890
0.016498
-0.008713
0.042793
0.073975
-0.086109
-0.060950
0.299510
0.208740
0.774260
0.300870
0.020609
0.783640
0.894990
-0.012521
-0.001448
-0.087432
-0.013304
-0.139330
0.034911
-0.001501
0.121650
0.644870
0.010052
-0.073633
-0.089197
0.016498
0.798420
0.034544
0.868390
0.016630
-0.008713
0.034544
0.823620
0.049744
0.384950
0.470730
-0.196470
0.040894
0.000971
0.010052
0.506220
0.755660
0.907650
0.274810
0.049244
-0.001027
0.166890
0.015541
0.018269
-0.007111
-0.021623
-0.073633
0.252300
0.637020
-0.000306
-0.003115
0.002109
0.000685
0.008648
0.048211
0
16
46
59
80
1
68
96
2
40
69
3
34
62
4
35
5
6
7
10
51
65
86
8
9
90
7
10
51
65
86
11
12
13
45
51
71
86
97
14
18
20
47
50
64
15
21
32
58
99
0
16
59
80
17
14
18
20
47
50
64
19
25
52
14
18
20
47
50
64
15
21
32
38
58
99
22
23
24
45
51
86
92
19
25
52
26
42
27
28
29
79
87
89
30
49
31
44
15
21
32
38
58
99
33
3
34
62
4
35
36
37
21
32
38
58
99
39
54
2
40
69
41
26
42
43
31
44
13
24
45
51
71
86
92
97
0
46
59
80
14
18
20
47
50
48
53
56
75
78
30
49
14
18
20
47
50
7
10
13
24
45
51
65
71
86
92
97
19
25
52
48
53
56
75
78
39
54
55
84
48
53
56
75
78
57
15
21
32
38
58
99
0
16
46
59
80
60
61
3
34
62
63
14
18
20
64
7
10
51
65
86
66
67
1
68
96
2
40
69
70
13
45
51
71
86
97
72
73
74
48
53
56
75
78
76
77
48
53
56
75
78
29
79
87
89
0
16
46
59
80
81
82
83
55
84
85
7
10
13
24
45
51
65
71
86
92
97
29
79
87
89
88
29
79
87
89
9
90
91
24
45
51
86
92
93
94
95
1
68
96
13
45
51
71
86
97
98
15
21
32
38
58
99
0
5
8
11
14
16
17
18
23
24
26
31
32
33
39
45
50
54
55
61
64
70
76
77
78
83
86
88
89
90
94
96
98
104
105
108
110
111
112
117
119
122
123
125
126
128
136
140
145
150
152
157
168
171
176
178
180
185
186
192
197
198
199
202
203
207
212
213
214
217
220
221
227
228
229
230
235
236
237
242
246
251
252
253
254
256
257
268
272
273
277
279
280
285
286
287
288
291
297
298
304
